829144150
9649208441434
3196114328
4654081679
964564660
5385982174
25625564553
25167910737
32964906657
19384447242
66728831284
76765373555
17488172840
11764119772
65013719729
6818471202
380623086
5146786327
223703616622
1520550658989
3384414270437
916181356133
173206599
5094784475
400152539109519
157625024988
6700319981840
1653295734925
52835116024248
36446167265252288484182
54824468767841
9416372447548218542584814
669964810328
4562618357
45350316804
1858782727
295319860
776442554
9053260
2222307287
742518674497
65892842112904
827207284
353764785
3746469658
28512560928974
3934482844154
9774248128418
8265351787417
461857748498528
110665767
270078423
899032
67836780626
3645854176930994
7885416289819
682509237787
2875545345688
64422450
6270176839
8968177326
199930259697
2260415641924
460642097
974520622
406882010356
23521228419577
7170234978488
619079966731
95429705671
2929128888
5924086536
844311080
20903360561
24540099318
576841552895
9497030349896
186705994142
8810747099
214474476
7776722826
10239058
2522725839
8252806377
818115213613
720980841872244
702205121417
764310317
5699382850
155013969
42390325749
432998895810
57839931841318
1829172100145
99373297522141
437077857
6711487848
105886604
6174509044
2422209512
197268326
251892147646
969868547627
75341820713
6990780540
2025195992
61364987
1541748890
4856596353636
25841238656358
9295999168
862340958
891711936665
59654122100115
35821878287
519009240
8574382473
4781526822236
8808861115
8440395667
5444144733
4996154666029
188041873838
8444215097
968377238
9402624661
755272636
613581992577
9252929851295
9302810930240
925054979
6604759956
29612575961508
7979892801848
5824268589
8521954712
679150461
7628158948
61451203114
7304132358947
65630264679
127398392894
9055062978
8007868170970
46113963323
4577811519802
6087566504151188
4636185702918
10644155219
103955225692
2250192373081
1269191222828418
6455868507181
1563017719681
683435854471181819181818
3493115263
1500458559
26361985313
4610514191
525176713
371083840
434012360957
4115055720472
9214767912
8778681899
172147542
9233289410
937727893
18591782644
5289305347892
48099255315
666
46439112268
5833824560354
6400608237477
4676998082238
3787557431824
3686218099281
5610422918128
21988504
88104269571
