7604771369
837174207
3878575314
33015822162
81834541333
68034512737
7188655946938
5811279256415
786602676507
2639990699
7456009192
81255630136
3511540344
284516547
437157201133
15911530775
43829281515
555945
532606532181669561
637829891444

5156535323
79401621565454245
8045248
761666320
49761518153
18180175543
3452934344291408
278710448146
8387911513423
7342598072343
610069176044
51872915919343
55950240395343432434
59469748065432
870697775104
24261789579234
5681217222232
77048756989423
243882454134234
288481757703
855551562984
89882049570324
22511375617234
9750781027323423
65547989462423
648650941654
89933179368324
7447762934423
42318591773432
312150228264324
127238232
67369808759
191259404423404
6157967821023
58587237591423
78542497116432
94489857754432432
46841790259423
359854504814
31510563138324
5825966360423
3851069308143
115232200114
62254684988324
258110915072343243434324
1570772216723
560904363373423
17356750650
695970336563
251765523474324234
7374338271123
77217688363432
263840172904
810974364313
376208693003
5241129134343
8927971804843
5822292520832
1769676021932
24622342115324
71729569809432423
20969464337
1045093088432
45998139956432
69054182258234
8830739727432
56228043163234
20071060028432
214039118342
2835233455823
93873386573342
82260428395423
741485902854665657
4583811115165
86325532722
92945415160657
6108198857167
1600476546057
104121438616
958025015775565465657
5157035091657
31535693939
7222836307766
1567241814476
87250371524765765
2421035080565
2126899938776
520849430677
330142685406
73488679919765
96719018746
5250061865857
2662082
22066123815
