29669841046
73661073347
2869264
24893160959
5566446
51199510910122
28027561576232
569575727712312
489210160751
41850718303
19774226624122
4449554378132
648799411193
4588122846123
55613459823
153525894162
1574908492732
7078719461832
5638104377932
692015723231
867328583922
36866916123
57564045423
56002812898123213232
33075943899
2182923213
133309
25467660464
24342444
575702840
2323233236663646886
99406275072
767164556568
53071867670
97095112567565
499129498777
13564320441
834019
4631485654688043
893744650965
31077456462654
8833378172754645645
57914169632
4592
3859975
361729174320
725465597409072
771782
981632
33172
409984656564255
565464579091458732
028467
60705557676688
656588402982081
1828743
30343531
627588
5654625105109405
622545654654725797
90251967341546546
42702104218
77357
2081156554107472
58217
0490858
32269
8949399
25787922261571
5254525661260
9596693
38729058559
8326676662819348
47315656040
4116475014
4952534726776701
4906679
769602
1367587594732
63126983900
4431676761636584
72527934767676599
802983347526765756
223598943356756467
830882
98179263407
46025866771175
134962959
612179049686
122332443773
6941949109557
528052089195676576756
82102457560
31410514055676576
7915068953976
37856875565765
501903910727657
21192660623657
52093244336765765765
566226137687657
81805018882657
618933764006576
190004
308673
53091288408
3707938
2304380
6766133418
57185978586
47487146
5573067273338
6576767103631231
3442387547110
2111431295151
695317017381
42766202744
83668385132
3744973329416
193920861031
119857152646
893715903156
1417204003416
795814574062
52807573356
22963631281
27485734816163
32927509591
7508231679616
21829579996
694172073
45306019987
1931183971
19394929395
72890428818
147272987357
885837208063
361513879
42211857521
6890601780
50022008767
87245136309
37075973106
73763815143
7992060644
8540225999
87280826818
595847061661
1116570819
9555589481013
732885778419
35817921464
31788212516
936823566746
945815151831
361829305112
185524330504
3670528882
71687187562
83710649266
15975334730
535738411251
10800466705
96755966907
489552401
794497330537
61968117175
9901302152
666463770353
42392977255
73048649212
3183963689
64695637254
9687431930
98136262563
10124363877
49051905267
1882173282
648622602
8396420015
48924603758
21151756878
452052389558
27372244981
921695571570
599733956291
7604771369
837174207
3878575314
33015822162
81834541333
68034512737
7188655946938
5811279256415
786602676507
2639990699
7456009192
81255630136
3511540344
284516547
437157201133
15911530775
43829281515
555945
532606532181669561
637829891444

5156535323
79401621565454245
8045248
761666320
49761518153
18180175543
3452934344291408
278710448146
8387911513423
7342598072343
610069176044
51872915919343
55950240395343432434
59469748065432
870697775104
24261789579234
5681217222232
77048756989423
243882454134234
288481757703
855551562984
89882049570324
22511375617234
9750781027323423
65547989462423
648650941654
89933179368324
7447762934423
42318591773432
312150228264324
127238232
67369808759
191259404423404
6157967821023
58587237591423
78542497116432
94489857754432432
46841790259423
359854504814
31510563138324
5825966360423
3851069308143
115232200114
62254684988324
258110915072343243434324
1570772216723
560904363373423
17356750650
695970336563
251765523474324234
7374338271123
77217688363432
263840172904
810974364313
376208693003
5241129134343
8927971804843
5822292520832
1769676021932
24622342115324
71729569809432423
20969464337
1045093088432
45998139956432
69054182258234
8830739727432
56228043163234
20071060028432
214039118342
2835233455823
93873386573342
82260428395423
741485902854665657
4583811115165
86325532722
92945415160657
6108198857167
1600476546057
104121438616
958025015775565465657
5157035091657
31535693939
7222836307766
1567241814476
87250371524765765
2421035080565
2126899938776
520849430677
330142685406
73488679919765
96719018746
5250061865857
2662082
22066123815
4225966677635
82503717865752
3330627727265766765
537829289376766
640512498117
4272858244265
64759206506765
87885735583765
2622300782566
5289806000286576767
93803954695
55013509576
6792188196067
83812881517657
6056199528556
85092425390765
6322139795676
787054946626
407307322075
5764148041365767657657657658657657657
8291688362165765
2840350985765
39773295297
11509451627657
737872449266765
38917832234765
185072164127
4261971720965
31067507529765
885786640167
8733214463465
82383200876765
223426714007
12381589819657
118228511865
80000544804767657678787876
27454578018
321508361917
9712786524187
45592164497
207018888498
9404903817
547985387281
457815784067
5555902820287
87066603348
383168237667
955420894008
453603144417
35114753046
56017290982
86109712582
119521947537
22412218498
14254056336
30477088647756
130610362747
33582413352567
351391209956
7445359633876
4018938694876
996649859747
453573026696
4589881987776
574862994197
195098649496
690862713447
39734836965657
1796945598667
458792692286
1150948375967
3511647959065
69942055546
1501305132076
34326093411
856791689857
54242657946
574018258246
1549803496967
737562956576775
7397318516275
5201168116267
29651220183
81984860146
41369502235
2561874896667
46611377899
7893443898767
948631669967
829937785097
5305756252267
90275001992
26490830781
39419269071
9030449367
66414148297
57386588632
46390868722
87072982023577777777777777775777
2040252781767
2555742788565765
3974318058765
215280812967
975938098765432794867
221724
2073179
2298900639
2015585260
2887767994
6231743770
733891200
914747618318862186191
860584054
5862857082
4816643525
4661143488
8457036770
271522572
3740111917
62417761691912294970
534177516
4932122333
3422274407
8765087112
2183765138
77287016
270519596288652350024
453806456
1969905588
1673988591
5855328120
19672303
9861412045878245232
4738728002
705608447
65776279
37430718836
8304666223
7178686567
99125598727488329315
4722438703
7625885605
6179604434
34281043812
85891730716
8831524421
1202372871
1196242171
6176825366
201823198
46450390855194451726
5615056425
2956240101
3719743064
978236858
3265727203
4716952140
5265392113
8370090844459925913
2520797929
9965302320
1935400042
1861333138
4680490616
552017461
5364705648
787173068347754102664
99379500186
4518662797565656
2524363581956
29907977977546
44296401777546
11468343862546
18077481595546
21751627145546
9781624098854
6668466569654
485747913065
50698564523654
60894735397654
19750796166654
82229552314654
7632018067865
117273055196
32160260795
12149809
9946789045
89130298538
39241140447
96648105051
2537068917
3556420792870
12807790303867
79525710806867
35583752961876
951955292798768678
2049171436278
60042866023768
7440970293076
99250673045876
9708695053387
33311792058876
79031071951876
928711978928
43696867779768
642186129007
140674485
1986846900
5982675734
8567
10601097010
649002118746586762765
1198451551
4904259448
3379773382
9348737256
81309808361
3902146563
6750424280
3653642051
2270067659
6181337775
0329231191824410663
9292360347
1052967892
8212774713
93984787867900589
50120437415876
6766093387787
1513632373387
98482154875878
94504751785787
884080145768
735426119957876
57312292998867876
271050981898
561534008247
73869096207876
4127228820867
444181851918
35375332270678
48466827190768
1412403794267
66883978611867
474778394398
87468826767
6302180285187
835328137158
21676939553768
5144839420967867
769411740128
84211786999678
51725909085678
870499783247
10392112244876
678186615678
3875612672978
1229520368378
189385605477
50819496338867
7124555329087
498918145688809064
605494903935
8568831669045
64191737937
74533966564
335500593
8686230369
5677497355
5595356433
42453518489
1812064599
5039261331
393041610
5603490074
91070063
55740759345
6635287832980591375553
7457748871
3641150718
6835354960
8420242001
3456647464
7375656512
1061752390
3197760479
3449014332
8054658059
869601973
6165666122
291480440
7765499776
8318897202
60162603806
8508446546
253562026
5192430811
17075626555
65230
456883884958359
8486481509
37184683227
26894328043
9648574608
58861270209
8951533481
22118239846
52791705373
745993620
49087445841
15190528387
81416363709
3228540893
55745227979
89165293684
98382527381
9993607010
30463908960
67932725732552
219585272035
4680456212053
4735222540285535
7588869653954
61448679938533
3109936577
2734924571353
63585381007219068
342581239929
207120403970
6021662115368
465463488750
570416818583383535338
355741587243
6222410678953
3455266394
82258411794
3436312670
4484543161
2226508465
3641395514
753118427
39996649
19526363073
295575623850
2195335193
32428061781
455128991338
3499747851635
1461169909
4427101875
766232910
242726649198
804542406121
5723124104
441116026
5250584903
528255109
90037201285
85428602898038
80182524115067
523602482227
53377841884
96967902162
511849586
3059004508
80751658185
4471988558239
4425590482747
4225251718
3288006719
2462536181
9422225645
3874943
11525588568613
5712882828889978
12443044744
1931791315585
3249779867824
14129276806
745826130
4427481476
7452670066
7006702774
2613736
9874455494538
7139843794952
3117924770374
12323015474770
456588619874
4184363802917
20183166836741
5222783475671
5752948244871
88944993638
7700378190
349564061744141741
81113911234
8318323755
452300134254
710578834784714
66902151241
2640100725124
380228916314
1168180388874174
14751815758
7930784427
6250257299
4277955865
1284578956
14646441459
40742910574137
75851248280
2771018237
8919900514
936934648
1501547798
5286527232
1283808651
355354655421
248655817275
935755502350
6153556525826139
8758611260985
837169631848
60861311744528
65786941599285
172621701282
158547714422
518041876215
971305837522
23932210617
8397456264028
55950696387528
83021665127542
797130217538852
767819468
3249637780482
112393940428
52885425328828
6590686958774
177567562132
9473377826
3871690470
6744312107
6394293758
8762541
6748347538
68142784132
46520027926759082263
20129030898282
8456995491685
13496237074285
278564160822
771198432
20642234
9541419725999
154845870529
1130880619
6553158808
188177681114
4877913001525
48946538027
9608932007
1869328714
67643952
9074069038
405794846483
76662817171879
60830031235
29361605
8007172003
71953109635
3842184841114
590197178898
8357090220
526092974
3600331496
29580128577985
67331327428899
914033897
4574078206
1895071489
3098746993
2246181892122
994953877015
69054926260
7003682656
8288802814
4359259058
88016445206916
7030360858294
6136015112
44404349
9858069920
254207512889737
37395706165528
990630966
41795950796
715814492266
38884033828289
72500697684428
9497634202
8033046017524
9757400171482
8316040326552
37441217045
3171246373752
8902773061
8346529393
2510521506
586071239
483881495
8932239288
93951363229
6702540979808
56330284507075
8933045
6331150735
955706564870
7681829144150
9649208441434
3196114328
4654081679
964564660
5385982174
25625564553
25167910737
32964906657
19384447242
66728831284
76765373555
17488172840
11764119772
65013719729
6818471202
380623086
5146786327
223703616622
1520550658989
3384414270437
916181356133
173206599
5094784475
400152539109519
157625024988
6700319981840
1653295734925
52835116024248
36446167265252288484182
54824468767841
9416372447548218542584814
669964810328
4562618357
45350316804
1858782727
295319860
776442554
9053260
2222307287
742518674497
65892842112904
827207284
353764785
3746469658
28512560928974
3934482844154
9774248128418
8265351787417
461857748498528
110665767
270078423
899032
67836780626
3645854176930994
7885416289819
682509237787
2875545345688
64422450
6270176839
8968177326
199930259697
2260415641924
460642097
974520622
406882010356
23521228419577
7170234978488
619079966731
95429705671
2929128888
5924086536
844311080
20903360561
24540099318
576841552895
9497030349896
186705994142
8810747099
214474476
7776722826
10239058
2522725839
8252806377
818115213613
720980841872244
702205121417
764310317
5699382850
155013969
42390325749
432998895810
57839931841318
1829172100145
99373297522141
437077857
6711487848
105886604
6174509044
2422209512
197268326
251892147646
969868547627
75341820713
6990780540
2025195992
61364987
1541748890
4856596353636
25841238656358
9295999168
862340958
891711936665
59654122100115
35821878287
519009240
8574382473
4781526822236
8808861115
8440395667
5444144733
4996154666029
188041873838
8444215097
968377238
9402624661
755272636
613581992577
9252929851295
9302810930240
925054979
6604759956
29612575961508
7979892801848
5824268589
8521954712
679150461
7628158948
61451203114
7304132358947
65630264679
127398392894
9055062978
8007868170970
46113963323
4577811519802
6087566504151188
4636185702918
10644155219
103955225692
2250192373081
1269191222828418
6455868507181
1563017719681
683435854471181819181818
3493115263
1500458559
26361985313
4610514191
525176713
371083840
434012360957
4115055720472
9214767912
8778681899
172147542
9233289410
937727893
18591782644
5289305347892
48099255315
666
46439112268
5833824560354
6400608237477
4676998082238
3787557431824
3686218099281
5610422918128
21988504
88104269571
